1 23442.0701
2 20590.0612

2 20590.0612
3 18542.6450

3 18542.6450
4 17220.8673

4 17220.8673
5 16276.4084

5 16276.4084
6 15542.2731

6 15542.2731
7 14939.2815

7 14939.2815
8 14481.3413

8 14481.3413
9 13977.3798

9 13977.3798
10 13529.5257

10 13529.5257
11 13250.3526

11 13250.3526
12 12965.6752

12 12965.6752
13 12716.7103

13 12716.7103
14 12468.9600

14 12468.9600
15 12264.3980

15 12264.3980
16 12129.3565

16 12129.3565
17 12012.0685

17 12012.0685
18 11919.6443

18 11919.6443
19 11807.4826

19 11807.4826
20 11731.7424

20 11731.7424
21 11688.9352

21 11688.9352
22 11640.3991

22 11640.3991
23 11624.9741

23 11624.9741
24 11605.1417

24 11605.1417
25 11590.4288

25 11590.4288
26 11583.7629

26 11583.7629
27 11564.9430

27 11564.9430
28 11558.6892

28 11558.6892
29 11549.6558

29 11549.6558
30 11548.1423

30 11548.1423
31 11544.1534

31 11544.1534
32 11539.5325

32 11539.5325
33 11537.0539

33 11537.0539
34 11539.3300

34 11539.3300
35 11537.8978

35 11537.8978
36 11539.0644

36 11539.0644
37 11537.3195

37 11537.3195
38 11539.9082

38 11539.9082
39 11537.0539

39 11537.0539
40 11539.3300

40 11539.3300
41 11537.8978

41 11537.8978
42 11539.0644

42 11539.0644
43 11537.3195

43 11537.3195
44 11539.9082

44 11539.9082
45 11537.0539

45 11537.0539
46 11539.3300

46 11539.3300
47 11537.8978

47 11537.8978
48 11539.0644

48 11539.0644
49 11537.3195

49 11537.3195
50 11539.9082

50 11539.9082
51 11537.0539

51 11537.0539
52 11539.3300

52 11539.3300
53 11537.8978

53 11537.8978
54 11539.0644

54 11539.0644
55 11537.3195

55 11537.3195
56 11539.9082

56 11539.9082
57 11537.0539

57 11537.0539
58 11539.3300

58 11539.3300
59 11537.8978

59 11537.8978
60 7453.6322

60 7453.6322
61 6944.9940

61 6944.9940
62 6779.2250

62 6779.2250
63 6759.9514

63 6759.9514
64 6759.6086

64 6759.6086
65 6755.6106

65 6755.6106
66 6756.9570

66 6756.9570
67 6761.3971

67 6761.3971
68 6764.0060

68 6764.0060
69 6765.1906

69 6765.1906
70 6764.5419

70 6764.5419
71 6761.5690

71 6761.5690
72 6760.9949

72 6760.9949
73 6762.4092

73 6762.4092
74 6761.5153

74 6761.5153
75 6758.7055

75 6758.7055
76 6761.7482

76 6761.7482
77 6763.1665

77 6763.1665
78 6762.4007

78 6762.4007
79 6761.7529

79 6761.7529
80 6757.6795

80 6757.6795
81 6756.9519

81 6756.9519
82 6753.7605

82 6753.7605
83 6753.9453

83 6753.9453
84 6756.0891

84 6756.0891
85 6757.5295

85 6757.5295
86 6754.7657

86 6754.7657
87 6757.7394

87 6757.7394
88 6754.4075

88 6754.4075
89 6753.2289

89 6753.2289
90 6752.6427

90 6752.6427
91 6754.5939

91 6754.5939
92 6753.0824

92 6753.0824
93 6752.9176

93 6752.9176
94 6752.6938

94 6752.6938
95 6752.5872

95 6752.5872
96 6753.5351

96 6753.5351
97 6754.1630

97 6754.1630
98 6752.2463

98 6752.2463
99 6752.0599

99 6752.0599
100 6751.3886

100 6751.3886
101 6752.4701

101 6752.4701
102 6752.0599

102 6752.0599
103 6751.5456

103 6751.5456
104 6751.9853

104 6751.9853
105 6750.6055

105 6750.6055
106 6751.9220

106 6751.9220
107 6752.0972

107 6752.0972
108 6751.9480

108 6751.9480
109 6750.3817

109 6750.3817
110 6752.6565

110 6752.6565
111 6751.5378

111 6751.5378
112 6751.2021

112 6751.2021
113 6750.7546

113 6750.7546
114 6750.7546

114 6750.7546
115 6751.3886

115 6751.3886
116 6751.8734

116 6751.8734
117 6750.1953

117 6750.1953
118 6751.3513

118 6751.3513
119 6751.6124

119 6751.6124
120 6751.6869

120 6751.6869
121 6751.1649

121 6751.1649
122 6750.8292

122 6750.8292
123 6750.8292

123 6750.8292
124 6751.8734

124 6751.8734
125 6750.6055

125 6750.6055
126 6750.9411

126 6750.9411
127 6751.0530

127 6751.0530
128 6750.9784

128 6750.9784
129 6750.1953

129 6750.1953
130 6750.6801

130 6750.6801
131 6751.9107

131 6751.9107
132 6751.7615

132 6751.7615
133 6750.1953

133 6750.1953
134 6750.1953

134 6750.1953
135 6750.1953

135 6750.1953
136 6751.9480

136 6751.9480
137 6750.5682

137 6750.5682
138 6750.1953

138 6750.1953
139 6750.1953

139 6750.1953
140 6750.1953

140 6750.1953
141 6750.3444

141 6750.3444
142 6750.1953

142 6750.1953
143 6750.1953

143 6750.1953
144 6750.1953

144 6750.1953
145 6750.1953

145 6750.1953
146 6750.1953

146 6750.1953
147 6750.1953

147 6750.1953
148 6750.1953

148 6750.1953
149 6750.1953

149 6750.1953
150 6750.1953

150 6750.1953
151 6750.1953

151 6750.1953
152 6750.1953

152 6750.1953
153 6750.1953

153 6750.1953
154 6750.1953

154 6750.1953
155 6750.1953

155 6750.1953
156 6750.1953

156 6750.1953
157 6750.1953

157 6750.1953
158 6750.1953

158 6750.1953
159 6750.1953

159 6750.1953
160 6750.1953

160 6750.1953
161 6750.1953

161 6750.1953
162 6750.1953

162 6750.1953
163 6750.1953

163 6750.1953
164 6750.1953

164 6750.1953
165 6750.1953

165 6750.1953
166 6750.1953

166 6750.1953
167 6750.1953

167 6750.1953
168 6750.1953

168 6750.1953
169 6750.1953

169 6750.1953
170 6750.1953

170 6750.1953
171 6750.1953

171 6750.1953
172 6750.1953

172 6750.1953
173 6750.1953

173 6750.1953
174 6750.1953

174 6750.1953
175 6750.1953

175 6750.1953
176 6750.1953

176 6750.1953
177 6750.1953

177 6750.1953
178 6750.1953

178 6750.1953
179 6750.1953

179 6750.1953
180 6750.1953

180 6750.1953
181 6750.1953

181 6750.1953
182 6750.1953

182 6750.1953
183 6750.1953

183 6750.1953
184 6750.1953

184 6750.1953
185 6750.1953

185 6750.1953
186 6750.1953

186 6750.1953
187 6750.1953

187 6750.1953
188 6750.1953

188 6750.1953
189 6750.1953

189 6750.1953
190 6750.1953

190 6750.1953
191 6750.1953

191 6750.1953
192 6750.1953

192 6750.1953
193 6750.1953

193 6750.1953
194 6750.3488

194 6750.3488
195 6750.1953

195 6750.1953
196 6750.1953

196 6750.1953
197 6750.1953

197 6750.1953
198 6750.1953

198 6750.1953
199 6750.1953

199 6750.1953
200 6750.1953

