1 18175.0728
2 15294.3887

2 15294.3887
3 12446.4886

3 12446.4886
4 11388.0244

4 11388.0244
5 10691.1106

5 10691.1106
6 10010.2706

6 10010.2706
7 9364.7638

7 9364.7638
8 8762.7399

8 8762.7399
9 8302.9373

9 8302.9373
10 7974.9865

10 7974.9865
11 7706.7092

11 7706.7092
12 7415.6997

12 7415.6997
13 7322.1858

13 7322.1858
14 7322.1858

14 7322.1858
15 7096.7508

15 7096.7508
16 7096.7508

16 7096.7508
17 7096.7508

17 7096.7508
18 6938.5224

18 6938.5224
19 6802.3074

19 6802.3074
20 6802.3074

20 6802.3074
21 6753.3398

21 6753.3398
22 6753.3398

22 6753.3398
23 6753.3398

23 6753.3398
24 6753.3398

24 6753.3398
25 6753.3398

25 6753.3398
26 6753.3398

26 6753.3398
27 6753.3398

27 6753.3398
28 6753.3398

28 6753.3398
29 6753.3398

29 6753.3398
30 6753.3398

30 6753.3398
31 6753.3398

31 6753.3398
32 6753.3398

32 6753.3398
33 6753.3398

33 6753.3398
34 6753.3398

34 6753.3398
35 6753.3398

35 6753.3398
36 6753.3398

36 6753.3398
37 6753.3398

37 6753.3398
38 6753.3398

38 6753.3398
39 6753.3398

39 6753.3398
40 6753.3398

40 6753.3398
41 6753.3398

41 6753.3398
42 6753.3398

42 6753.3398
43 6753.3398

43 6753.3398
44 6753.3398

44 6753.3398
45 6753.3398

45 6753.3398
46 6753.3398

46 6753.3398
47 6753.3398

47 6753.3398
48 6753.3398

48 6753.3398
49 6753.3398

49 6753.3398
50 6753.3398

50 6753.3398
51 6753.3398

51 6753.3398
52 6753.3398

52 6753.3398
53 6753.3398

53 6753.3398
54 6753.3398

54 6753.3398
55 6753.3398

55 6753.3398
56 6753.3398

56 6753.3398
57 6753.3398

57 6753.3398
58 6753.3398

58 6753.3398
59 6753.3398

59 6753.3398
60 6739.8848

60 6739.8848
61 6665.3716

61 6665.3716
62 6664.1136

62 6664.1136
63 6664.1136

63 6664.1136
64 6664.1136

64 6664.1136
65 6664.1136

65 6664.1136
66 6664.1136

66 6664.1136
67 6664.1136

67 6664.1136
68 6664.1136

68 6664.1136
69 6664.1136

69 6664.1136
70 6664.1136

70 6664.1136
71 6664.1136

71 6664.1136
72 6664.1136

72 6664.1136
73 6664.1136

73 6664.1136
74 6664.1136

74 6664.1136
75 6664.1136

75 6664.1136
76 6664.1136

76 6664.1136
77 6664.1136

77 6664.1136
78 6664.1136

78 6664.1136
79 6664.1136

79 6664.1136
80 6664.1136

80 6664.1136
81 6664.1136

81 6664.1136
82 6664.1136

82 6664.1136
83 6664.1136

83 6664.1136
84 6664.1136

84 6664.1136
85 6664.1136

85 6664.1136
86 6664.1136

86 6664.1136
87 6664.1136

87 6664.1136
88 6664.1136

88 6664.1136
89 6664.1136

89 6664.1136
90 6664.1136

90 6664.1136
91 6664.1136

91 6664.1136
92 6664.1136

92 6664.1136
93 6664.1136

93 6664.1136
94 6664.1136

94 6664.1136
95 6664.1136

95 6664.1136
96 6664.1136

96 6664.1136
97 6664.1136

97 6664.1136
98 6664.1136

98 6664.1136
99 6664.1136

99 6664.1136
100 6664.1136

100 6664.1136
101 6664.1136

101 6664.1136
102 6664.1136

102 6664.1136
103 6664.1136

103 6664.1136
104 6664.1136

104 6664.1136
105 6664.1136

105 6664.1136
106 6664.1136

106 6664.1136
107 6664.1136

107 6664.1136
108 6664.1136

108 6664.1136
109 6664.1136

109 6664.1136
110 6664.1136

110 6664.1136
111 6664.1136

111 6664.1136
112 6664.1136

112 6664.1136
113 6664.1136

113 6664.1136
114 6664.1136

114 6664.1136
115 6664.1136

115 6664.1136
116 6664.1136

116 6664.1136
117 6664.1136

117 6664.1136
118 6664.1136

118 6664.1136
119 6664.1136

119 6664.1136
120 6664.1136

120 6664.1136
121 6664.1136

121 6664.1136
122 6664.1136

122 6664.1136
123 6664.1136

123 6664.1136
124 6664.1136

124 6664.1136
125 6664.1136

125 6664.1136
126 6664.1136

126 6664.1136
127 6664.1136

127 6664.1136
128 6664.1136

128 6664.1136
129 6664.1136

129 6664.1136
130 6664.1136

130 6664.1136
131 6664.1136

131 6664.1136
132 6664.1136

132 6664.1136
133 6664.1136

133 6664.1136
134 6664.1136

134 6664.1136
135 6664.1136

135 6664.1136
136 6664.1136

136 6664.1136
137 6664.1136

137 6664.1136
138 6664.1136

138 6664.1136
139 6664.1136

139 6664.1136
140 6664.1136

140 6664.1136
141 6664.1136

141 6664.1136
142 6664.1136

142 6664.1136
143 6664.1136

143 6664.1136
144 6664.1136

144 6664.1136
145 6664.1136

145 6664.1136
146 6664.1136

146 6664.1136
147 6664.1136

147 6664.1136
148 6664.1136

148 6664.1136
149 6664.1136

149 6664.1136
150 6664.1136

150 6664.1136
151 6664.1136

151 6664.1136
152 6664.1136

152 6664.1136
153 6664.1136

153 6664.1136
154 6664.1136

154 6664.1136
155 6664.1136

155 6664.1136
156 6664.1136

156 6664.1136
157 6664.1136

157 6664.1136
158 6664.1136

158 6664.1136
159 6664.1136

159 6664.1136
160 6664.1136

160 6664.1136
161 6664.1136

161 6664.1136
162 6664.1136

162 6664.1136
163 6664.1136

163 6664.1136
164 6664.1136

164 6664.1136
165 6664.1136

165 6664.1136
166 6664.1136

166 6664.1136
167 6664.1136

167 6664.1136
168 6664.1136

168 6664.1136
169 6664.1136

169 6664.1136
170 6664.1136

170 6664.1136
171 6664.1136

171 6664.1136
172 6664.1136

172 6664.1136
173 6664.1136

173 6664.1136
174 6664.1136

174 6664.1136
175 6664.1136

175 6664.1136
176 6664.1136

176 6664.1136
177 6664.1136

177 6664.1136
178 6664.1136

178 6664.1136
179 6664.1136

179 6664.1136
180 6664.1136

180 6664.1136
181 6664.1136

181 6664.1136
182 6664.1136

182 6664.1136
183 6664.1136

183 6664.1136
184 6664.1136

184 6664.1136
185 6664.1136

185 6664.1136
186 6664.1136

186 6664.1136
187 6664.1136

187 6664.1136
188 6664.1136

188 6664.1136
189 6664.1136

189 6664.1136
190 6664.1136

190 6664.1136
191 6664.1136

191 6664.1136
192 6664.1136

192 6664.1136
193 6664.1136

193 6664.1136
194 6664.1136

194 6664.1136
195 6664.1136

195 6664.1136
196 6664.1136

196 6664.1136
197 6664.1136

197 6664.1136
198 6664.1136

198 6664.1136
199 6664.1136

199 6664.1136
200 6664.1136

