11423.88890 43000.27780
11416.66670 42983.33330

11416.66670 42983.33330
11310.27780 42929.44440

11310.27780 42929.44440
11297.50000 42853.33330

11297.50000 42853.33330
11183.33330 42933.33330

11183.33330 42933.33330
11133.33330 42885.83330

11133.33330 42885.83330
11155.83330 42712.50000

11155.83330 42712.50000
11108.61110 42373.88890

11108.61110 42373.88890
11003.61110 42102.50000

11003.61110 42102.50000
11438.33330 42057.22220

11438.33330 42057.22220
11511.38890 42106.38890

11511.38890 42106.38890
11715.83330 41836.11110

11715.83330 41836.11110
12058.33330 42195.55560

12058.33330 42195.55560
12149.44440 42477.50000

12149.44440 42477.50000
12300.00000 42433.33330

12300.00000 42433.33330
12372.77780 42711.38890

12372.77780 42711.38890
12421.66670 42895.55560

12421.66670 42895.55560
12645.00000 42973.33330

12645.00000 42973.33330
12355.83330 43156.38890

12355.83330 43156.38890
12363.33330 43189.16670

12363.33330 43189.16670
12386.66670 43334.72220

12386.66670 43334.72220
12286.94440 43355.55560

12286.94440 43355.55560
11963.05560 43290.55560

11963.05560 43290.55560
11973.05560 43026.11110

11973.05560 43026.11110
11785.27780 42884.44440

11785.27780 42884.44440
11751.11110 42814.44440

11751.11110 42814.44440
11690.55560 42686.66670

11690.55560 42686.66670
11770.27780 42651.94440

11770.27780 42651.94440
11822.77780 42673.61110

11822.77780 42673.61110
11846.94440 42660.55560

11846.94440 42660.55560
11522.22220 42841.94440

11522.22220 42841.94440
11503.05560 42855.27780

11503.05560 42855.27780
11569.44440 43136.66670

11569.44440 43136.66670
11583.33330 43150.00000

11583.33330 43150.00000
11595.00000 43148.05560

11595.00000 43148.05560
11600.00000 43150.00000

11600.00000 43150.00000
11485.55560 43187.22220

11485.55560 43187.22220
11461.11110 43252.77780

11461.11110 43252.77780
11423.88890 43000.27780
